Enhanced Similarity Matrix (30x30)
====================================

         0         1         2         3         4         5         6         7         8         9         10        11        12        13        14        15        16        17        18        19        20        21        22        23        24        25        26        27        28        29    
-----------------------------------------------------------------------------------------------------------------------------------------------------------------------------------------------------------------------------------------------------------------------------------------------------------------
   0   1.0000    1.0000    0.9968    0.9936    0.3036    0.3111    0.3165    0.9936    0.9936    0.3181    0.3173    0.9886    0.9793    0.9760    0.9872    0.3166    0.3036    0.9625    0.3168    0.3111    0.3036    0.3150    0.3111    0.3111    0.3111    0.3036    0.9856    0.3036    0.3180    0.3036  
   1   1.0000    1.0000    0.9968    0.9936    0.3036    0.3111    0.3165    0.9936    0.9936    0.3181    0.3173    0.9886    0.9793    0.9760    0.9872    0.3166    0.3036    0.9625    0.3168    0.3111    0.3036    0.3150    0.3111    0.3111    0.3111    0.3036    0.9856    0.3036    0.3180    0.3036  
   2   0.9968    0.9968    1.0000    0.9904    0.3034    0.3108    0.3166    0.9904    0.9904    0.3182    0.3173    0.9854    0.9788    0.9754    0.9904    0.3167    0.3034    0.9623    0.3169    0.3108    0.3034    0.3150    0.3108    0.3108    0.3108    0.3034    0.9848    0.3034    0.3180    0.3034  
   3   0.9936    0.9936    0.9904    1.0000    0.3041    0.3115    0.3165    1.0000    1.0000    0.3181    0.3172    0.9950    0.9805    0.9771    0.9846    0.3166    0.3041    0.9632    0.3167    0.3115    0.3041    0.3149    0.3115    0.3115    0.3115    0.3041    0.9920    0.3041    0.3179    0.3041  
   4   0.3036    0.3036    0.3034    0.3041    1.0000    0.9718    0.1437    0.3041    0.3041    0.1430    0.1434    0.3045    0.3070    0.3083    0.3027    0.1437    1.0000    0.3137    0.1436    0.9718    1.0000    0.1464    0.9718    0.9718    0.9718    1.0000    0.3047    1.0000    0.1431    1.0000  
-----------------------------------------------------------------------------------------------------------------------------------------------------------------------------------------------------------------------------------------------------------------------------------------------------------------
   5   0.3111    0.3111    0.3108    0.3115    0.9718    1.0000    0.1444    0.3115    0.3115    0.1437    0.1441    0.3119    0.3145    0.3159    0.3102    0.1443    0.9718    0.3214    0.1443    1.0000    0.9718    0.1471    1.0000    1.0000    1.0000    0.9718    0.3121    0.9718    0.1438    0.9718  
   6   0.3165    0.3165    0.3166    0.3165    0.1437    0.1444    0.8629    0.3165    0.3165    0.8296    0.8321    0.3164    0.3160    0.3157    0.3167    0.8593    0.1437    0.3147    0.8514    0.1444    0.1437    0.8296    0.1444    0.1444    0.1444    0.1437    0.3164    0.1437    0.8297    0.1437  
   7   0.9936    0.9936    0.9904    1.0000    0.3041    0.3115    0.3165    1.0000    1.0000    0.3181    0.3172    0.9950    0.9805    0.9771    0.9846    0.3166    0.3041    0.9632    0.3167    0.3115    0.3041    0.3149    0.3115    0.3115    0.3115    0.3041    0.9920    0.3041    0.3179    0.3041  
   8   0.9936    0.9936    0.9904    1.0000    0.3041    0.3115    0.3165    1.0000    1.0000    0.3181    0.3172    0.9950    0.9805    0.9771    0.9846    0.3166    0.3041    0.9632    0.3167    0.3115    0.3041    0.3149    0.3115    0.3115    0.3115    0.3041    0.9920    0.3041    0.3179    0.3041  
   9   0.3181    0.3181    0.3182    0.3181    0.1430    0.1437    0.8296    0.3181    0.3181    0.8629    0.8302    0.3180    0.3176    0.3173    0.3183    0.8297    0.1430    0.3163    0.8298    0.1437    0.1430    0.8283    0.1437    0.1437    0.1437    0.1430    0.3180    0.1430    0.8539    0.1430  
-----------------------------------------------------------------------------------------------------------------------------------------------------------------------------------------------------------------------------------------------------------------------------------------------------------------
  10   0.3173    0.3173    0.3173    0.3172    0.1434    0.1441    0.8321    0.3172    0.3172    0.8302    0.8629    0.3171    0.3167    0.3165    0.3174    0.8354    0.1434    0.3154    0.8429    0.1441    0.1434    0.8290    0.1441    0.1441    0.1441    0.1434    0.3171    0.1434    0.8312    0.1434  
  11   0.9886    0.9886    0.9854    0.9950    0.3045    0.3119    0.3164    0.9950    0.9950    0.3180    0.3171    1.0000    0.9814    0.9780    0.9836    0.3165    0.3045    0.9640    0.3167    0.3119    0.3045    0.3149    0.3119    0.3119    0.3119    0.3045    0.9970    0.3045    0.3178    0.3045  
  12   0.9793    0.9793    0.9788    0.9805    0.3070    0.3145    0.3160    0.9805    0.9805    0.3176    0.3167    0.9814    1.0000    0.9846    0.9771    0.3161    0.3070    0.9704    0.3162    0.3145    0.3070    0.3144    0.3145    0.3145    0.3145    0.3070    0.9819    0.3070    0.3174    0.3070  
  13   0.9760    0.9760    0.9754    0.9771    0.3083    0.3159    0.3157    0.9771    0.9771    0.3173    0.3165    0.9780    0.9846    1.0000    0.9737    0.3158    0.3083    0.9737    0.3160    0.3159    0.3083    0.3142    0.3159    0.3159    0.3159    0.3083    0.9785    0.3083    0.3172    0.3083  
  14   0.9872    0.9872    0.9904    0.9846    0.3027    0.3102    0.3167    0.9846    0.9846    0.3183    0.3174    0.9836    0.9771    0.9737    1.0000    0.3168    0.3027    0.9617    0.3170    0.3102    0.3027    0.3151    0.3102    0.3102    0.3102    0.3027    0.9831    0.3027    0.3181    0.3027  
-----------------------------------------------------------------------------------------------------------------------------------------------------------------------------------------------------------------------------------------------------------------------------------------------------------------
  15   0.3166    0.3166    0.3167    0.3166    0.1437    0.1443    0.8593    0.3166    0.3166    0.8297    0.8354    0.3165    0.3161    0.3158    0.3168    0.8629    0.1437    0.3148    0.8549    0.1443    0.1437    0.8296    0.1443    0.1443    0.1443    0.1437    0.3165    0.1437    0.8298    0.1437  
  16   0.3036    0.3036    0.3034    0.3041    1.0000    0.9718    0.1437    0.3041    0.3041    0.1430    0.1434    0.3045    0.3070    0.3083    0.3027    0.1437    1.0000    0.3137    0.1436    0.9718    1.0000    0.1464    0.9718    0.9718    0.9718    1.0000    0.3047    1.0000    0.1431    1.0000  
  17   0.9625    0.9625    0.9623    0.9632    0.3137    0.3214    0.3147    0.9632    0.9632    0.3163    0.3154    0.9640    0.9704    0.9737    0.9617    0.3148    0.3137    1.0000    0.3150    0.3214    0.3137    0.3132    0.3214    0.3214    0.3214    0.3137    0.9645    0.3137    0.3161    0.3137  
  18   0.3168    0.3168    0.3169    0.3167    0.1436    0.1443    0.8514    0.3167    0.3167    0.8298    0.8429    0.3167    0.3162    0.3160    0.3170    0.8549    0.1436    0.3150    0.8629    0.1443    0.1436    0.8294    0.1443    0.1443    0.1443    0.1436    0.3166    0.1436    0.8299    0.1436  
  19   0.3111    0.3111    0.3108    0.3115    0.9718    1.0000    0.1444    0.3115    0.3115    0.1437    0.1441    0.3119    0.3145    0.3159    0.3102    0.1443    0.9718    0.3214    0.1443    1.0000    0.9718    0.1471    1.0000    1.0000    1.0000    0.9718    0.3121    0.9718    0.1438    0.9718  
-----------------------------------------------------------------------------------------------------------------------------------------------------------------------------------------------------------------------------------------------------------------------------------------------------------------
  20   0.3036    0.3036    0.3034    0.3041    1.0000    0.9718    0.1437    0.3041    0.3041    0.1430    0.1434    0.3045    0.3070    0.3083    0.3027    0.1437    1.0000    0.3137    0.1436    0.9718    1.0000    0.1464    0.9718    0.9718    0.9718    1.0000    0.3047    1.0000    0.1431    1.0000  
  21   0.3150    0.3150    0.3150    0.3149    0.1464    0.1471    0.8296    0.3149    0.3149    0.8283    0.8290    0.3149    0.3144    0.3142    0.3151    0.8296    0.1464    0.3132    0.8294    0.1471    0.1464    0.8629    0.1471    0.1471    0.1471    0.1464    0.3148    0.1464    0.8285    0.1464  
  22   0.3111    0.3111    0.3108    0.3115    0.9718    1.0000    0.1444    0.3115    0.3115    0.1437    0.1441    0.3119    0.3145    0.3159    0.3102    0.1443    0.9718    0.3214    0.1443    1.0000    0.9718    0.1471    1.0000    1.0000    1.0000    0.9718    0.3121    0.9718    0.1438    0.9718  
  23   0.3111    0.3111    0.3108    0.3115    0.9718    1.0000    0.1444    0.3115    0.3115    0.1437    0.1441    0.3119    0.3145    0.3159    0.3102    0.1443    0.9718    0.3214    0.1443    1.0000    0.9718    0.1471    1.0000    1.0000    1.0000    0.9718    0.3121    0.9718    0.1438    0.9718  
  24   0.3111    0.3111    0.3108    0.3115    0.9718    1.0000    0.1444    0.3115    0.3115    0.1437    0.1441    0.3119    0.3145    0.3159    0.3102    0.1443    0.9718    0.3214    0.1443    1.0000    0.9718    0.1471    1.0000    1.0000    1.0000    0.9718    0.3121    0.9718    0.1438    0.9718  
-----------------------------------------------------------------------------------------------------------------------------------------------------------------------------------------------------------------------------------------------------------------------------------------------------------------
  25   0.3036    0.3036    0.3034    0.3041    1.0000    0.9718    0.1437    0.3041    0.3041    0.1430    0.1434    0.3045    0.3070    0.3083    0.3027    0.1437    1.0000    0.3137    0.1436    0.9718    1.0000    0.1464    0.9718    0.9718    0.9718    1.0000    0.3047    1.0000    0.1431    1.0000  
  26   0.9856    0.9856    0.9848    0.9920    0.3047    0.3121    0.3164    0.9920    0.9920    0.3180    0.3171    0.9970    0.9819    0.9785    0.9831    0.3165    0.3047    0.9645    0.3166    0.3121    0.3047    0.3148    0.3121    0.3121    0.3121    0.3047    1.0000    0.3047    0.3178    0.3047  
  27   0.3036    0.3036    0.3034    0.3041    1.0000    0.9718    0.1437    0.3041    0.3041    0.1430    0.1434    0.3045    0.3070    0.3083    0.3027    0.1437    1.0000    0.3137    0.1436    0.9718    1.0000    0.1464    0.9718    0.9718    0.9718    1.0000    0.3047    1.0000    0.1431    1.0000  
  28   0.3180    0.3180    0.3180    0.3179    0.1431    0.1438    0.8297    0.3179    0.3179    0.8539    0.8312    0.3178    0.3174    0.3172    0.3181    0.8298    0.1431    0.3161    0.8299    0.1438    0.1431    0.8285    0.1438    0.1438    0.1438    0.1431    0.3178    0.1431    0.8629    0.1431  
  29   0.3036    0.3036    0.3034    0.3041    1.0000    0.9718    0.1437    0.3041    0.3041    0.1430    0.1434    0.3045    0.3070    0.3083    0.3027    0.1437    1.0000    0.3137    0.1436    0.9718    1.0000    0.1464    0.9718    0.9718    0.9718    1.0000    0.3047    1.0000    0.1431    1.0000  
